358.14
356.05
353.95
351.86
349.76
347.67
345.58
343.48
341.39
339.29
337.2
335.1
333.01
330.91
328.82
326.73
324.63
322.54
320.44
318.35
316.25
314.16
312.06
309.97
307.88
305.78
303.69
301.59
299.5
297.4
295.31
293.22
291.12
289.03
286.93
284.84
282.74
280.65
278.55
276.46
274.37
272.27
270.18
268.08
265.99
263.89
261.8
259.7
257.61
255.52
253.42
251.33
249.23
247.14
245.04
242.95
240.86
238.76
236.67
234.57
232.48
230.38
228.29
226.19
224.1
222.01
219.91
217.82
215.72
213.63
211.53
209.44
207.35
205.25
203.16
201.06
198.97
196.87
194.78
192.68
190.59
188.5
186.4
184.31
182.21
180.12
178.02
175.93
173.83
171.74
169.65
167.55
165.46
163.36
161.27
159.17
157.08
154.99
152.89
150.8
148.7
146.61
144.51
142.42
140.32
138.23
136.14
134.04
131.95
129.85
127.76
125.66
123.57
121.47
119.38
117.29
115.19
113.1
111
108.91
106.81
104.72
102.63
100.53
98.437
96.342
94.248
92.153
90.059
87.965
85.87
83.776
81.681
79.587
77.493
75.398
73.304
71.209
69.115
67.021
64.926
62.832
60.737
58.643
56.549
54.454
52.36
50.265
48.171
46.077
43.982
41.888
39.794
37.699
35.605
33.51
31.416
29.322
27.227
25.133
23.038
20.944
18.85
16.755
14.661
12.566
10.472
8.3776
6.2832
4.1888
2.0944
0
-2.0944
-4.1888
-6.2832
-8.3776
-10.472
-12.566
-14.661
-16.755
-18.85
-20.944
-23.038
-25.133
-27.227
-29.322
-31.416
-33.51
-35.605
-37.699
-39.794
-41.888
-43.982
-46.077
-48.171
-50.265
-52.36
-54.454
-56.549
-58.643
-60.737
-62.832
-64.926
-67.021
-69.115
-71.209
-73.304
-75.398
-77.493
-79.587
-81.681
-83.776
-85.87
-87.965
-90.059
-92.153
-94.248
-96.342
-98.437
-100.53
-102.63
-104.72
-106.81
-108.91
-111
-113.1
-115.19
-117.29
-119.38
-121.47
-123.57
-125.66
-127.76
-129.85
-131.95
-134.04
-136.14
-138.23
-140.32
-142.42
-144.51
-146.61
-148.7
-150.8
-152.89
-154.99
-157.08
-159.17
-161.27
-163.36
-165.46
-167.55
-169.65
-171.74
-173.83
-175.93
-178.02
-180.12
-182.21
-184.31
-186.4
-188.5
-190.59
-192.68
-194.78
-196.87
-198.97
-201.06
-203.16
-205.25
-207.35
-209.44
-211.53
-213.63
-215.72
-217.82
-219.91
-222.01
-224.1
-226.19
-228.29
-230.38
-232.48
-234.57
-236.67
-238.76
-240.86
-242.95
-245.04
-247.14
-249.23
-251.33
-253.42
-255.52
-257.61
-259.7
-261.8
-263.89
-265.99
-268.08
-270.18
-272.27
-274.37
-276.46
-278.55
-280.65
-282.74
-284.84
-286.93
-289.03
-291.12
-293.22
-295.31
-297.4
-299.5
-301.59
-303.69
-305.78
-307.88
-309.97
-312.06
-314.16
-316.25
-318.35
-320.44
-322.54
-324.63
-326.73
-328.82
-330.91
-333.01
-335.1
-337.2
-339.29
-341.39
-343.48
-345.58
-347.67
-349.76
-351.86
-353.95
-356.05
-358.14
