1.1658e-06
-4.0643e-05
0.00010755
0.00037695
-0.0022889
-0.016651
0.78945
-6.71
3.2092
146.19
-541.84
653.31
146.19
-1191.9
1188.4
0.7895
-1195.2
1195.2
0.00041309
-1195.2
1195.2
2.9139e-05
-1195.2
1195.2
2.7896e-05
-1195.2
1195.2
2.7896e-05
-1195.2
1195.2
2.7896e-05
-1195.2
1195.2
2.7896e-05
-1195.2
1195.2
2.7896e-05
-1195.2
1195.2
2.7896e-05
-1195.2
1195.2
2.7896e-05
-1195.2
1195.2
2.7896e-05
-1195.2
1195.2
2.7896e-05
-1195.2
1195.2
2.7896e-05
-1195.2
1195.2
2.7896e-05
-1195.2
1195.2
2.7896e-05
-1195.2
1195.2
2.7896e-05
-1195.2
1195.2
2.7896e-05
-1195.2
1195.2
2.7896e-05
-1195.2
1195.2
2.7896e-05
-1195.2
1195.2
2.7896e-05
-1195.2
1195.2
2.7896e-05
-1195.2
1195.2
2.7896e-05
-1195.2
1195.2
2.7896e-05
-1195.2
1195.2
2.7896e-05
-1195.2
1195.2
2.7896e-05
-1195.2
1195.2
2.7896e-05
-1195.2
1195.2
2.7896e-05
-1195.2
1195.2
2.7896e-05
-1195.2
1195.2
2.7896e-05
-1195.2
1195.2
2.7896e-05
-1195.2
1195.2
2.7896e-05
-1195.2
1195.2
2.7896e-05
-1195.2
1195.2
2.7896e-05
-1195.2
1195.2
2.7896e-05
-1195.2
1195.2
2.7896e-05
-1195.2
1195.2
2.7896e-05
-1195.2
1195.2
2.7896e-05
-1195.2
1195.2
2.7896e-05
-1195.2
1195.2
2.7896e-05
-1195.2
1195.2
2.7896e-05
-1195.2
1195.2
2.7896e-05
-1195.2
1195.2
2.7896e-05
-1195.2
1195.2
2.7896e-05
-1195.2
1195.2
2.7896e-05
-1195.2
1195.2
2.7896e-05
-1195.2
1195.2
2.7896e-05
-1195.2
1195.2
2.7896e-05
-1195.2
1195.2
2.7896e-05
-1195.2
1195.2
2.7896e-05
-1195.2
1195.2
2.7896e-05
-1195.2
1195.2
2.7896e-05
-1195.2
1195.2
2.7896e-05
-1195.2
1195.2
2.7896e-05
-1195.2
1195.2
2.7896e-05
-1195.2
1195.2
2.7896e-05
-1195.2
1195.2
2.7896e-05
-1195.2
1195.2
2.7896e-05
-1195.2
1195.2
2.7896e-05
-1195.2
1195.2
2.7896e-05
-1195.2
1195.2
2.7896e-05
-1195.2
1195.2
2.7896e-05
-1195.2
1195.2
2.7896e-05
-1195.2
1195.2
2.7896e-05
-1195.2
1195.2
2.7896e-05
-1195.2
1195.2
2.7896e-05
-1195.2
1195.2
2.7896e-05
-1195.2
1195.2
2.7896e-05
-1195.2
1195.2
2.7896e-05
-1195.2
1195.2
2.7896e-05
-1195.2
1195.2
2.7896e-05
-1195.2
1195.2
2.7896e-05
-1195.2
1195.2
2.7896e-05
-1195.2
1195.2
2.7896e-05
-1195.2
1195.2
2.7896e-05
-1195.2
1195.2
2.7896e-05
-1195.2
1195.2
2.7896e-05
-1195.2
1195.2
2.7896e-05
-1195.2
1195.2
2.7896e-05
-1195.2
1195.2
2.7896e-05
-1195.2
1195.2
2.7896e-05
-1195.2
1195.2
2.7896e-05
-1195.2
1195.2
2.7896e-05
-1195.2
1195.2
2.7896e-05
-1195.2
1195.2
2.7896e-05
-1195.2
1195.2
2.7896e-05
-1195.2
1195.2
2.7896e-05
-1195.2
1195.2
2.7896e-05
-1195.2
1195.2
2.7896e-05
-1195.2
1195.2
2.7896e-05
-1195.2
1195.2
2.7896e-05
-1195.2
1195.2
2.7896e-05
-1195.2
1195.2
2.7896e-05
-1195.2
1195.2
2.7896e-05
-1195.2
1195.2
2.7896e-05
-1195.2
1195.2
2.7896e-05
-1195.2
1195.2
2.7896e-05
-1195.2
1195.2
2.7896e-05
-1195.2
1195.2
2.7896e-05
-1195.2
1195.2
2.7896e-05
-1195.2
1195.2
2.7896e-05
-1195.2
1195.2
2.7896e-05
-1195.2
1195.2
2.7896e-05
-1195.2
1195.2
2.6731e-05
-1195.2
1195.2
-0.00034906
-1195.2
1195.2
-0.78942
-1188.4
1191.9
-146.19
-653.31
541.84
-146.19
-3.2091
6.71
-0.78948
0.016688
0.0022873
-0.00038519
-0.00010548
4.0894e-05
-1.243e-06
