-4.5634e-06
9.9088e-06
0.00014847
-0.00043075
0.0010277
-0.046463
0.25125
4.7359
-51.217
144.13
21.917
-734.7
1281.4
-661.56
-717.52
1425.3
-712.73
-712.78
1425.6
-712.78
-712.78
1425.6
-712.78
-712.78
1425.6
-712.78
-712.78
1425.6
-712.78
-712.78
1425.6
-712.78
-712.78
1425.6
-712.78
-712.78
1425.6
-712.78
-712.78
1425.6
-712.78
-712.78
1425.6
-712.78
-712.78
1425.6
-712.78
-712.78
1425.6
-712.78
-712.78
1425.6
-712.78
-712.78
1425.6
-712.78
-712.78
1425.6
-712.78
-712.78
1425.6
-712.78
-712.78
1425.6
-712.78
-712.78
1425.6
-712.78
-712.78
1425.6
-712.78
-712.78
1425.6
-712.78
-712.78
1425.6
-712.78
-712.78
1425.6
-712.78
-712.78
1425.6
-712.78
-712.78
1425.6
-712.78
-712.78
1425.6
-712.78
-712.78
1425.6
-712.78
-712.78
1425.6
-712.78
-712.78
1425.6
-712.78
-712.78
1425.6
-712.78
-712.78
1425.6
-712.78
-712.78
1425.6
-712.78
-712.78
1425.6
-712.78
-712.78
1425.6
-712.78
-712.78
1425.6
-712.78
-712.78
1425.6
-712.78
-712.78
1425.6
-712.78
-712.78
1425.6
-712.78
-712.78
1425.6
-712.78
-712.78
1425.6
-712.78
-712.78
1425.6
-712.78
-712.78
1425.6
-712.78
-712.78
1425.6
-712.78
-712.78
1425.6
-712.78
-712.78
1425.6
-712.78
-712.78
1425.6
-712.78
-712.78
1425.6
-712.78
-712.78
1425.6
-712.78
-712.78
1425.6
-712.78
-712.78
1425.6
-712.78
-712.78
1425.6
-712.78
-712.78
1425.6
-712.78
-712.78
1425.6
-712.78
-712.78
1425.6
-712.78
-712.78
1425.6
-712.78
-712.78
1425.6
-712.78
-712.78
1425.6
-712.78
-712.78
1425.6
-712.78
-712.78
1425.6
-712.78
-712.78
1425.6
-712.78
-712.78
1425.6
-712.78
-712.78
1425.6
-712.78
-712.78
1425.6
-712.78
-712.78
1425.6
-712.78
-712.78
1425.6
-712.78
-712.78
1425.6
-712.78
-712.78
1425.6
-712.78
-712.78
1425.6
-712.78
-712.78
1425.6
-712.78
-712.78
1425.6
-712.78
-712.78
1425.6
-712.78
-712.78
1425.6
-712.78
-712.78
1425.6
-712.78
-712.78
1425.6
-712.78
-712.78
1425.6
-712.78
-712.78
1425.6
-712.78
-712.78
1425.6
-712.78
-712.78
1425.6
-712.78
-712.78
1425.6
-712.78
-712.78
1425.6
-712.78
-712.78
1425.6
-712.78
-712.78
1425.6
-712.78
-712.78
1425.6
-712.78
-712.78
1425.6
-712.78
-712.78
1425.6
-712.78
-712.78
1425.6
-712.78
-712.78
1425.6
-712.78
-712.78
1425.6
-712.78
-712.78
1425.6
-712.78
-712.78
1425.6
-712.78
-712.78
1425.6
-712.78
-712.78
1425.6
-712.78
-712.78
1425.6
-712.78
-712.78
1425.6
-712.78
-712.78
1425.6
-712.78
-712.78
1425.6
-712.78
-712.78
1425.6
-712.78
-712.78
1425.6
-712.78
-712.78
1425.6
-712.78
-712.78
1425.6
-712.78
-712.78
1425.6
-712.78
-712.78
1425.6
-712.78
-712.78
1425.6
-712.78
-712.78
1425.6
-712.78
-712.78
1425.6
-712.78
-712.73
1425.3
-717.52
-661.56
1281.4
-734.7
21.917
144.13
-51.217
4.7358
0.2513
-0.046456
0.0010077
-0.00042739
0.00015068
9.2655e-06
-4.5511e-06
